6.999999999999915
6.999999999999385
6.999999999999126
6.999999999999642
6.9999999999990115
6.999999999757729
6.999999999835525
5.999999999825437
6.999999999977131
6.999999999922508
6.999999999586896
6.999999999719977
6.9999999996936015
6.999999999859803
6.999999999600615
6.999999998872376
6.9999999997161835
6.9999999987822985
5.999999999530694
6.999999999210343
6.9999999979406065
6.9999999977262
5.999999998782978
6.999999999157616
6.999999998479904
6.999999999978472
6.9999999991587
6.999999998320314
6.999999999686797
6.999999997726147
6.9999999989501145
6.99999999944354
6.999999998451467
6.9999999985397805
6.999999998087901
6.999999999647419
6.999999998345634
6.999999999379138
6.999999998624526
6.999999997578934
6.999999998246668
6.999999999161499
6.9999999997014655
5.999999999314739
5.9999999989698924
6.999999996920223
5.999999999527764
6.999999999741729
6.999999995885801
6.999999999913574
6.99999999798829
6.9999999956830194
6.999999996758524
6.999999995962032
6.99999999720985
5.999999999847662
6.999999995861429
6.999999997649325
6.999999999888988
6.999999997863178
6.999999996630977
6.999999996821675
6.999999997384921
6.9999999978364595
6.9999999971238545
6.99999999803868
6.999999995603096
6.999999996962607
6.999999995560776
6.999999997046054
6.999999997606258
6.99999999599022
6.999999996488299
6.999999995710427
6.999999995193388
6.99999999518854
6.999999999365359
6.999999996994937
6.9999999978376355
6.999999997255336
6.999999999957948
6.999999998020565
6.999999997224071
6.999999995757074
6.999999998494928
6.99999999801749
6.9999999955213
6.999999997998422
6.999999989942295
6.99999999642405
6.999999998561315
6.999999999613554
6.999999992376972
6.99999999368995
6.999999995198493
6.999999998711274
6.999999994836735
6.9999999950507
6.999999991408965
6.999999991539157
6.9999999910166215
6.999999995477441
6.999999994098868
6.999999992329137
6.999999995625798
6.999999996467614
6.99999999517354
6.999999994807705
6.999999991838315
6.999999999192472
6.999999995700063
6.999999993874646
6.999999998950305
6.999999993002339
6.999999991508217
6.99999999520915
6.999999996221657
6.99999999656215
6.9999999953930985
6.999999990160868
6.999999996993002
6.999999992320219
6.999999991769991
6.999999991404158
6.99999999530778
6.999999992524455
6.999999994490322
6.999999991721003
6.999999991686455
6.9999999915644375
6.999999992328776
6.999999998076458
6.9999999924692204
6.9999999944256235
6.999999999691903
6.999999991736869
6.999999997615767
6.999999998096911
6.999999998262432
6.9999999940616
6.999999991947705
6.999999997310909
6.999999992306834
6.999999993231852
6.999999998638796
6.999999991958008
6.999999998440094
6.99999999031677
6.999999991985636
6.999999994842202
6.999999998737215
6.999999990098198
6.99999999878072
6.999999998414886
6.999999999855596
6.999999996834591
6.999999990511585
6.999999999194114
6.999999993061728
5.999999997052818
6.999999997213221
6.999999994628293
6.999999999047595
6.9999999968471505
6.999999991414885
6.999999998660742
6.9999999938130015
6.999999994878679
6.99999999965735
6.999999998547683
6.999999998775799
6.99999998536731
6.999999983210607
6.999999996950139
6.999999991517866
6.9999999887851265
6.999999994664023
6.999999992254073
6.999999991231903
5.9999999916849625
6.99999999494813
6.999999980920816
6.999999998773484
6.9999999848336385
6.999999982248712
6.9999999878629815
6.999999981355561
6.999999996467208
6.9999999840463705
6.999999983024199
6.999999992140837
6.999999979851208
6.999999985817609
6.999999997094258
6.999999995025023
5.999999994949793
5.999999985892002
6.999999983350822
6.999999995186911
6.9999999798749535
6.999999984495378
6.999999992277745
6.999999981360224
6.999999993727649
6.999999982294442
6.999999997272732
6.999999985280098
6.999999985245557
6.999999995106345
5.999999996503307
6.999999992491539
6.999999993888501
6.999999982499036
6.9999999987889465
6.99999999374113
6.999999998857046
6.999999982970012
6.999999996237598
6.999999998237751
6.999999996212264
6.999999982712247
6.9999999880754515
6.999999981568031
6.999999981961707
5.999999984877678
6.999999996814733
6.999999993845343
6.999999989844582
6.999999992360413
6.999999986796896
6.999999988236661
6.999999979825805
6.9999999934778705
6.999999991939992
6.999999983354152
6.999999998129662
6.999999990293882
6.999999983211394
6.999999985255293
6.999999989202636
6.99999998187955
6.999999996947476
6.999999996012773
6.999999986098565
6.999999985163862
6.999999985201217
6.999999998600035
6.999999993595966
5.999999982737863
6.999999990032615
