473.22907083716655
305.97976080956755
278.0128794848206
294.94020239190445
347.0101195952161
303204.96780128794
380.1287948482204
339.83440662373323
406.07175712974276
369.08923643053276
228938.91444342223
386.93652253912296
323.0910763569409
471.0211591536645
283.9006439741934
539767.0653173872
367.0653173874598
440.8463661451824
268.9972401105333
371.11315547372214
1115547.010119595
379.94480220787227
485.9245630176738
385.0965961362235
303.9558417662047
185848.02207911713
358.0496780127287
338.9144434221089
404.047838086728
386.0165593372658
9462.925482980907
307.08371665142477
381.0487580494955
290.89236430544406
335.9705611774698
131879.1168353269
462.9254829804413
462.00551977939904
425.022999079898
326.0349586014636
1155960.9935602578
340.0183992641978
354.9218031279743
402.9438822446391
445.99816007353365
742728.0588776446
278.93284268677235
420.05519779212773
439.0064397417009
337.9944802215323
52852.989880404435
432.01471941079944
305.0597976082936
381.96872125100344
282.06071757152677
1200410.855565778
305.05979760736227
436.98252069950104
301.01195952203125
319.0432382700965
578471.9411223549
396.136154553853
378.840846366249
264.0294388225302
268.07727690879256
323928.97884084657
298.0680772764608
396.8721251152456
360.07359705585986
326.03495860192925
226908.00367985293
340.01839926373214
311.8675252990797
401.10395584162325
268.9972401103005
467267.8932842687
291.0763569464907
365.04139834363014
265.86936522554606
402.0239190431312
54208.095676173456
409.93560257554054
381.96872125100344
293.10027598869056
412.87948482111096
1175796.1361545539
435.87856485694647
344.98620055243373
324.01103955693543
459.06163753569126
1548499.9080036804
281.14075437001884
365.96136154420674
349.0340386386961
349.954001840204
259160.0735970568
419.8712051510811
420.05519779212773
459.0616375338286
333.9466421343386
198379.02483900636
382.8886844534427
383.9926402941346
382.15271389111876
386.93652253970504
235114.07543580607
293.8362465444952
355.10579576157033
418.03127874061465
340.93836246058345
1046397.9760617092
331.00275988318026
353.0818767193705
402.02391903474927
370.9291628263891
167928.0588745568
391.90432382002473
473.96504138968885
320.1471941061318
358.96964120678604
1227982.888661867
432.01471940241754
360.99356025084853
355.10579576157033
329.89880404248834
456652.98987200484
220.05519778840244
340.9383624587208
395.03219870477915
317.0193192213774
578880.0367878806
271.02115914970636
280.03679852187634
381.9687212444842
437.9024838935584
185724.01103614084
388.040478374809
429.07083715870976
317.9392824228853
427.04691811464727
240414.9033994414
354.0018399208784
392.0883164592087
313.89144433662295
393.0082796625793
34666.97332042828
500.0919963121414
420.97516098432243
381.04875804297626
333.02667892724276
266979.94479729794
386.9365225303918
248.02207911387086
355.10579576157033
347.93008279055357
35034.95860101096
323.09107634983957
248.02207911387086
407.91168352402747
407.9116835258901
396510.0275916029
335.0505979694426
363.93744249641895
252.06991719827056
436.0625574886799
910593.9282261226
275.988960435614
268.99724010564387
514.0754369739443
287.948482055217
1726282.060685819
306.89972400292754
291.07635693997145
328.97884084284306
436.0625574886799
393844.89419698715
388.040478374809
491.07635693624616
365.9613615386188
318.8592456243932
697787.1205023453
266.0533578582108
419.8712051473558
344.0662373416126
335.0505979694426
649975.8969521672
328.97884083911777
275.06899723783135
335.9705611690879
365.9613615386188
200521.98711682856
452.98988039419055
466.0533578582108
347.0101195909083
369.0892364233732
1711362.8334551826
268.9972401037812
374.0570377111435
420.0551977865398
397.9760809466243
266179.02483411133
296.9641214311123
399.08003678917885
382.88868444785476
365.04139833524823
319958.0496721305
291.9963201396167
395.03219870477915
361.9135234542191
308.9236430488527
433925.11498741806
308.9236430488527
404.0478380769491
388.9604415781796
353.08187671750784
24320.88316422701
396.1361545436084
333.9466421306133
420.9751609861851
408.0956761650741
846358.9696256444
354.0018399208784
328.97884083911777
351.057957675308
300.827966876328
343307.0837103389
418.03127874061465
349.9540018327534
455.0137994401157
319.0432382635772
263512.9714762941
420.0551977828145
250.96596135944128
331.9227230846882
264.02943881601095
372751.0579508282
421.89512418583035
327.1389144361019
459.98160072788596
368.9052437841892
76848.02207770199
236.06255749613047
443.9742410220206
356.94572216272354
443.9742410220206
215165.04139438644
450.965961355716
392.0883164592087
366.8813247382641
373.1370745114982
